$ 1 0.000005 10.20027730826997 50 5 50 5e-11
f 416 512 368 512 52 1.5 0.02
f 240 512 192 512 52 1.5 0.02
w 192 496 192 448 0
w 192 448 368 448 0
w 368 448 368 496 0
g 192 576 192 608 0 0
w 192 528 192 576 0
w 192 576 368 576 0
w 368 576 368 528 0
L 48 416 0 416 0 0 false 5 0
L 48 448 0 448 0 0 false 5 0
w 48 448 48 560 0
w 48 560 240 560 0
w 240 560 240 512 0
w 48 416 80 416 0
w 80 416 80 640 0
w 80 640 432 640 0
w 432 640 432 512 0
w 432 512 416 512 0
f 576 496 528 496 52 1.5 0.02
f 576 560 528 560 52 1.5 0.02
w 528 512 528 544 0
w 368 448 528 448 0
w 528 448 528 480 0
w 528 576 368 576 0
L 48 384 0 384 0 0 false 5 0
L 48 352 0 352 0 0 false 5 0
w 48 384 112 384 0
w 112 384 112 688 0
w 112 688 576 688 0
w 576 688 576 560 0
w 48 352 144 352 0
w 144 352 144 736 0
w 144 736 608 736 0
w 608 736 608 496 0
w 608 496 576 496 0
f 432 320 368 320 53 1.5 0.02
f 432 256 368 256 53 1.5 0.02
w 368 272 368 304 0
w 368 336 368 448 0
w 240 512 240 416 0
w 240 416 448 416 0
w 448 416 448 320 0
w 448 320 432 320 0
w 432 512 496 512 0
w 496 512 496 256 0
w 496 256 432 256 0
f 432 176 368 176 53 1.5 0.02
f 304 176 240 176 53 1.5 0.02
w 240 192 240 208 0
w 240 208 368 208 0
w 368 208 368 192 0
w 368 208 368 240 0
R 240 112 240 80 0 0 40 5 0 0 0.5
w 240 112 240 160 0
w 240 112 368 112 0
w 368 112 368 160 0
w 432 176 576 176 0
w 576 560 576 176 0
w 304 176 304 144 0
w 304 144 608 144 0
w 608 144 608 496 0
w 528 448 672 448 0
M 672 448 720 448 0 2.5
