$ 1 0.000005 10.20027730826997 50 5 50 5e-11
f 240 336 240 288 53 1.5 0.02
f 240 560 240 608 52 1.5 0.02
f 272 560 272 608 52 1.5 0.02
f 272 336 272 288 53 1.5 0.02
R 176 224 176 176 0 0 40 5 0 0 0.5
w 176 224 256 224 0
w 256 224 256 288 0
g 176 688 176 720 0 0
w 176 688 256 688 0
w 256 688 256 608 0
L 240 448 192 448 0 0 false 5 0
w 240 336 240 448 0
w 240 448 240 560 0
w 224 288 224 384 0
w 224 384 272 384 0
w 224 608 224 528 0
w 224 528 272 528 0
w 272 528 272 560 0
w 272 528 272 384 0
f 368 560 368 608 52 1.5 0.02
w 272 528 368 528 0
w 368 528 368 560 0
w 256 688 352 688 0
w 352 688 352 608 0
f 368 336 368 288 53 1.5 0.02
w 288 288 288 384 0
w 288 384 368 384 0
w 368 384 368 336 0
w 256 224 352 224 0
w 352 224 352 288 0
f 400 560 400 608 52 1.5 0.02
f 400 336 400 288 53 1.5 0.02
L 400 448 352 448 0 0 false 5 0
w 400 336 400 448 0
w 400 448 400 560 0
w 416 288 416 416 0
w 416 416 416 608 0
f 432 336 432 288 53 1.5 0.02
f 432 560 432 608 52 1.5 0.02
w 288 608 288 496 0
w 368 496 368 384 0
w 288 496 336 496 0
w 336 496 336 624 0
w 336 496 368 496 0
w 336 624 432 624 0
w 432 624 432 560 0
w 272 336 272 352 0
w 272 352 272 384 0
w 272 352 432 352 0
w 432 352 432 336 0
f 464 336 464 288 53 1.5 0.02
f 464 560 464 608 52 1.5 0.02
f 496 336 496 288 53 1.5 0.02
f 496 560 496 608 52 1.5 0.02
w 416 416 496 416 0
w 496 416 496 336 0
w 496 416 496 560 0
w 464 336 464 480 0
w 464 480 512 480 0
w 512 480 512 288 0
w 512 480 512 608 0
w 464 560 464 480 0
f 528 560 528 608 52 1.5 0.02
f 576 560 576 608 52 1.5 0.02
f 528 336 528 288 53 1.5 0.02
w 432 560 432 464 0
w 432 464 528 464 0
w 528 464 528 560 0
w 528 336 528 416 0
w 528 416 576 416 0
w 576 416 576 560 0
w 528 336 528 256 0
w 528 256 432 256 0
w 432 256 432 336 0
f 576 336 576 288 53 1.5 0.02
w 528 464 560 464 0
w 560 464 560 352 0
w 560 352 576 352 0
w 576 352 576 336 0
w 560 288 544 288 0
w 560 608 544 608 0
w 544 288 544 432 0
w 544 432 544 608 0
f 608 336 608 288 53 1.5 0.02
f 608 560 608 608 52 1.5 0.02
f 640 560 640 608 52 1.5 0.02
f 640 336 640 288 53 1.5 0.02
w 544 432 640 432 0
w 640 432 640 336 0
w 640 432 640 560 0
w 624 688 624 608 0
w 624 224 624 288 0
w 608 336 608 480 0
w 608 480 656 480 0
w 656 480 656 288 0
w 656 480 656 608 0
w 608 560 608 480 0
w 480 608 480 688 0
w 352 688 480 688 0
w 480 688 624 688 0
w 352 224 480 224 0
w 480 224 480 288 0
w 480 224 624 224 0
f 736 336 736 288 53 1.5 0.02
f 736 560 736 608 52 1.5 0.02
f 768 336 768 288 53 1.5 0.02
f 768 560 768 608 52 1.5 0.02
w 624 224 720 224 0
w 720 224 720 288 0
w 720 224 784 224 0
w 784 224 784 288 0
w 624 688 720 688 0
w 720 688 720 608 0
w 720 688 784 688 0
w 784 688 784 608 0
M 752 416 832 416 0 2.5
w 752 288 752 416 0
w 752 416 752 608 0
w 736 336 736 480 0
w 736 480 656 480 0
w 736 480 736 560 0
w 736 480 768 480 0
w 768 480 768 336 0
w 768 480 768 560 0
