$ 1 0.000005 10.20027730826997 50 5 50 5e-11
f 784 432 784 384 53 1.5 0.02
f 816 432 816 384 53 1.5 0.02
f 784 512 784 560 52 1.5 0.02
L 784 480 752 480 0 0 false 5 0
w 784 512 784 480 0
R 800 336 800 304 0 0 40 5 0 0 0.5
w 800 336 800 384 0
g 800 608 800 640 0 0
w 800 608 800 560 0
f 816 512 816 560 52 1.5 0.02
w 768 496 768 560 0
f 848 512 848 560 52 1.5 0.02
f 848 432 848 384 53 1.5 0.02
f 880 432 880 384 53 1.5 0.02
w 880 432 880 448 0
w 768 448 768 384 0
w 848 464 896 464 0
w 896 464 896 384 0
w 848 432 848 464 0
w 848 464 848 512 0
f 912 512 912 560 52 1.5 0.02
w 896 560 864 560 0
w 912 480 912 512 0
f 944 512 944 560 52 1.5 0.02
f 944 432 944 384 53 1.5 0.02
w 928 384 896 384 0
L 944 448 912 448 0 0 false 5 0
w 944 432 944 448 0
w 944 448 944 512 0
w 800 336 960 336 0
w 960 336 960 384 0
w 800 608 960 608 0
w 960 608 960 560 0
w 928 560 928 464 0
w 928 464 896 464 0
w 880 448 784 448 0
w 784 432 784 448 0
w 784 448 784 480 0
w 784 480 816 480 0
w 768 448 768 464 0
w 768 464 816 464 0
w 768 464 768 496 0
w 816 432 816 464 0
w 816 480 816 512 0
w 816 464 912 480 0
f 1008 432 1008 384 53 1.5 0.02
f 1008 512 1008 560 52 1.5 0.02
f 1040 432 1040 384 53 1.5 0.02
f 1040 512 1040 560 52 1.5 0.02
M 1024 464 1088 464 0 2.5
w 1024 560 1024 464 0
w 1024 464 1024 384 0
w 992 384 960 384 0
w 960 336 1056 336 0
w 1056 336 1056 384 0
w 992 560 960 560 0
w 960 608 1056 608 0
w 1056 608 1056 560 0
w 1040 432 1040 448 0
w 1040 448 1008 448 0
w 1008 448 1008 432 0
w 1008 448 1008 512 0
w 1040 448 1040 512 0
w 1008 448 864 512 0
w 864 384 864 512 0
w 864 512 864 560 0
